{
	"boundingBox":	{
		"left":	0.0520833320915699,
		"top":	0,
		"right":	0.96875,
		"bottom":	1,
		"width":	288,
		"height":	384
	}
}