{
	"boundingBox":	{
		"left":	0.0729166641831398,
		"top":	0,
		"right":	0.9861111044883728,
		"bottom":	1,
		"width":	288,
		"height":	384
	}
}