{
	"boundingBox":	{
		"left":	0.0347222238779068,
		"top":	0,
		"right":	0.94791668653488159,
		"bottom":	1,
		"width":	288,
		"height":	384
	}
}