{
	"boundingBox":	{
		"left":	0.0555555559694767,
		"top":	0,
		"right":	0.96180558204650879,
		"bottom":	1,
		"width":	288,
		"height":	384
	}
}