{
	"boundingBox":	{
		"left":	0.0416666679084301,
		"top":	0,
		"right":	0.9513888955116272,
		"bottom":	1,
		"width":	288,
		"height":	384
	}
}