{
	"boundingBox":	{
		"left":	0.0659722238779068,
		"top":	0,
		"right":	0.97569441795349121,
		"bottom":	1,
		"width":	288,
		"height":	384
	}
}