{
	"boundingBox":	{
		"left":	0.0416666679084301,
		"top":	0.050925910472869873,
		"right":	0.93055558204650879,
		"bottom":	1,
		"width":	288,
		"height":	432
	}
}