{
	"boundingBox":	{
		"left":	0.0520833320915699,
		"top":	0.046296298503875732,
		"right":	0.94097220897674561,
		"bottom":	1,
		"width":	288,
		"height":	432
	}
}