{
	"boundingBox":	{
		"left":	0.0347222238779068,
		"top":	0.041666686534881592,
		"right":	0.94097220897674561,
		"bottom":	1,
		"width":	288,
		"height":	432
	}
}