{
	"boundingBox":	{
		"left":	0.0381944440305233,
		"top":	0.043981492519378662,
		"right":	0.9375,
		"bottom":	1,
		"width":	288,
		"height":	432
	}
}