{
	"boundingBox":	{
		"left":	0.0347222238779068,
		"top":	0.050925910472869873,
		"right":	0.9236111044883728,
		"bottom":	1,
		"width":	288,
		"height":	432
	}
}