{
	"boundingBox":	{
		"left":	0.02777777798473835,
		"top":	0.053240716457366943,
		"right":	0.91319441795349121,
		"bottom":	1,
		"width":	288,
		"height":	432
	}
}