{
	"boundingBox":	{
		"left":	0.0798611119389534,
		"top":	0,
		"right":	0.9826388955116272,
		"bottom":	1,
		"width":	288,
		"height":	384
	}
}