{
	"boundingBox":	{
		"left":	0.02083333395421505,
		"top":	0,
		"right":	0.92708331346511841,
		"bottom":	1,
		"width":	288,
		"height":	384
	}
}