{
	"boundingBox":	{
		"left":	0.0590277761220932,
		"top":	0,
		"right":	0.96527779102325439,
		"bottom":	1,
		"width":	288,
		"height":	384
	}
}