{
	"boundingBox":	{
		"left":	0.0694444477558136,
		"top":	0,
		"right":	0.97222220897674561,
		"bottom":	1,
		"width":	288,
		"height":	384
	}
}