{
	"boundingBox":	{
		"left":	0.0763888880610466,
		"top":	0,
		"right":	0.97916668653488159,
		"bottom":	1,
		"width":	288,
		"height":	384
	}
}