{
	"boundingBox":	{
		"left":	0.0243055559694767,
		"top":	0.050925910472869873,
		"right":	0.90972220897674561,
		"bottom":	1,
		"width":	288,
		"height":	432
	}
}