{
	"boundingBox":	{
		"left":	0.03125,
		"top":	0.053240716457366943,
		"right":	0.9201388955116272,
		"bottom":	1,
		"width":	288,
		"height":	432
	}
}