{
	"boundingBox":	{
		"left":	0.0451388880610466,
		"top":	0.050925910472869873,
		"right":	0.93402779102325439,
		"bottom":	1,
		"width":	288,
		"height":	432
	}
}