{
	"boundingBox":	{
		"left":	0.0520833320915699,
		"top":	0.037037014961242676,
		"right":	0.94444441795349121,
		"bottom":	1,
		"width":	288,
		"height":	432
	}
}