{
	"boundingBox":	{
		"left":	0.0451388880610466,
		"top":	0.039351820945739746,
		"right":	0.94097220897674561,
		"bottom":	1,
		"width":	288,
		"height":	432
	}
}