{
	"boundingBox":	{
		"left":	0.03125,
		"top":	0.039351820945739746,
		"right":	0.94444441795349121,
		"bottom":	1,
		"width":	288,
		"height":	432
	}
}