{
	"boundingBox":	{
		"left":	0.03125,
		"top":	0.043981492519378662,
		"right":	0.94097220897674561,
		"bottom":	1,
		"width":	288,
		"height":	432
	}
}