{
	"boundingBox":	{
		"left":	0.0416666679084301,
		"top":	0.046296298503875732,
		"right":	0.93402779102325439,
		"bottom":	1,
		"width":	288,
		"height":	432
	}
}