{
	"boundingBox":	{
		"left":	0.0381944440305233,
		"top":	0.0486111044883728,
		"right":	0.93055558204650879,
		"bottom":	1,
		"width":	288,
		"height":	432
	}
}