{
	"boundingBox":	{
		"left":	0.0381944440305233,
		"top":	0.050925910472869873,
		"right":	0.92708331346511841,
		"bottom":	1,
		"width":	288,
		"height":	432
	}
}